1 1 1 1 1 1 1 1 1 1 1 1 1 1 1 1 1 1 1 1 1 1 1 1 1 1 1 1 1 1 1 1 1 1 1 1 1 1 1 1 1 1 1 1 1 1 1 1 1 1 1 1 1 1 1 1 1 1 1 1 1 1 1 1 1 1 1 1 1 1 1 1 1 1 1 1 1 1 1 1 1 1 1 1 1 1 1 1 1 1 1 1 1 1 1 1 1 1 1 1 1 1 1 1 1 1 1 1 1 1 1 1 1 1 1 1 1 1 1 1 1 1 1 1 1 1 1 1 1 1 1 1 1 1 1 1 1 1 1 1 1 1 1 1 1 1 1 1 1 1                              
1 1 1 1 1 1 1 1 1 1 1 1 1 1 1 1 1 1 1 1 1 1 1 1 1 1 1 1 1 1 1 1 1 1 1 1 1 1 1 1 1 1 1 1 1 1 1 1 1 1 1 1 1 1 1 1 1 1 1 1 1 1 1 1 1 1 1 1 1 1 1 1 1 1 1 1 1 1 1 1 1 1 1 1 1 1 1 1 1 1 1 1 1 1 1 1 1 1 1 1 1 1 1 1 1 1 1 1 1 1 1 1 1 1 1 1 1 1 1 1 1 1 1 1 1 1 1 1 1 1 1 1 1 1 1 1 1 1 1 1 1 1 1 1 1 1 1 1 1 1                              
1 1 1 1 1 1 1 1 1 1 1 1 1 1 1 1 1 1 1 1 1 1 1 1 1 1 1 1 1 1 1 1 1 1 1 1 1 1 1 1 1 1 1 1 1 1 1 1 1 1 1 1 1 1 1 1 1 1 1 1 1 1 1 1 1 1 1 1 1 1 1 1 1 1 1 1 1 1 1 1 1 1 1 1 1 1 1 1 1 1 1 1 1 1 1 1 1 1 1 1 1 1 1 1 1 1 1 1 1 1 1 1 1 1 1 1 1 1 1 1 1 1 1 1 1 1 1 1 1 1 1 1 1 1 1 1 1 1 1 1 1 1 1 1 1 1 1 1 1 1                              
1 1 1 1 1 1 1 1 1 1 1 1 1 1 1 1 1 1 1 1 1 1 1 1 1 1 1 1 1 1 1 1 1 1 1 1 1 1 1 1 1 1 1 1 1 1 1 1 1 1 1 1 1 1 1 1 1 1 1 1 1 1 1 1 1 1 1 1 1 1 1 1 1 1 1 1 1 1 1 1 1 1 1 1 1 1 1 1 1 1 1 1 1 1 1 1 1 1 1 1 1 1 1 1 1 1 1 1 1 1 1 1 1 1 1 1 1 1 1 1 1 1 1 1 1 1 1 1 1 1 1 1 1 1 1 1 1 1 1 1 1 1 1 1 1 1 1 1 1 1                              
1 1 1 1 6 6 6 6 6 6 6 6 6 6 6 6 6 6 6 6 6 6 6 6 6 6 6 6 6 6 6 6 6 6 6 6 6 6 6 6 6 6 6 6 6 6 6 6 6 6 6 6 6 6 6 6 6 6 6 6 6 6 6 6 6 6 6 6 6 6 6 6 6 6 6 1 1 10 10 10 10 10 10 10 10 10 10 10 10 10 10 10 10 10 10 10 1 1 1 1 4 4 4 4 4 4 4 4 4 4 4 4 4 4 4 4 4 4 4 4 4 4 4 4 4 4 4 4 4 4 4 4 4 4 4 4 4 4 4 4 4 4 4 4 4 4 1 1 1 1                              
1 1 1 1 6 6 6 6 6 6 6 6 6 6 6 6 6 6 6 6 6 6 6 6 6 6 6 6 6 6 6 6 6 6 6 6 6 6 6 6 6 6 6 6 6 6 6 6 6 6 6 6 6 6 6 6 6 6 6 6 6 6 6 6 6 6 6 6 6 6 6 6 6 6 6 1 1 10 10 10 10 10 10 10 10 10 10 10 10 10 10 10 10 10 10 10 1 1 1 1 4 4 4 4 4 4 4 4 4 4 4 4 4 4 4 4 4 4 4 4 4 4 4 4 4 4 4 4 4 4 4 4 4 4 4 4 4 4 4 4 4 4 4 4 4 4 1 1 1 1                              
1 1 1 1 6 6 6 6 6 6 6 6 6 6 6 6 6 6 6 6 6 6 6 6 6 6 6 6 6 6 6 6 6 6 6 6 6 6 6 6 6 6 6 6 6 6 6 6 6 6 6 6 6 6 6 6 6 6 6 6 6 6 6 6 6 6 6 6 6 6 6 6 6 6 6 6 1 1 10 10 10 10 10 10 10 10 1 1 1 1 1 10 10 10 10 10 1 1 1 1 4 4 4 4 4 4 4 4 4 4 4 4 4 4 4 4 4 4 4 4 4 4 4 4 4 4 4 4 4 4 4 4 4 4 4 4 4 4 4 4 4 4 4 4 4 4 1 1 1 1                              
1 1 1 1 6 6 6 6 6 6 6 6 6 6 6 6 6 6 6 6 6 6 6 6 6 6 6 6 6 6 6 6 6 6 6 6 6 6 6 6 6 6 6 6 6 6 6 6 6 6 6 6 6 6 6 6 6 6 6 6 6 6 6 6 6 6 6 6 6 6 6 6 6 6 6 6 6 1 1 10 10 10 10 10 10 10 1 11 11 11 1 10 10 10 10 10 1 1 1 1 4 4 4 4 4 4 4 4 4 4 4 4 4 4 4 4 4 4 4 4 4 4 4 4 4 4 4 4 4 4 4 4 4 4 4 4 4 4 4 4 4 4 4 4 4 4 1 1 1 1                              
1 1 1 1 6 6 6 6 6 6 6 6 6 6 6 6 6 6 6 6 6 6 6 6 6 6 6 6 6 6 6 6 6 6 6 6 6 6 6 6 6 6 6 6 6 6 6 6 6 6 6 6 6 6 6 6 6 6 6 6 6 6 6 6 6 6 6 6 6 6 6 6 6 6 6 6 6 6 1 1 10 10 10 10 10 10 1 11 11 11 1 10 10 10 10 10 1 1 1 1 4 4 4 4 4 4 4 4 4 4 4 4 4 4 4 4 4 4 4 4 4 4 4 4 4 4 4 4 4 4 4 4 4 4 4 4 4 4 4 4 4 4 4 4 4 4 1 1 1 1                              
1 1 1 1 6 6 6 6 6 6 6 6 6 6 6 6 6 6 6 6 6 6 6 6 6 6 6 6 6 6 6 6 6 6 6 6 6 6 6 6 6 6 6 6 6 6 6 6 6 6 6 6 6 6 6 6 6 6 6 6 6 6 6 6 6 6 6 6 6 6 6 6 6 6 6 6 6 6 6 1 1 10 10 10 10 10 1 11 11 11 1 10 10 10 10 10 1 1 1 1 13 13 13 13 13 13 13 0 0 0 0 0 0 0 0 0 0 0 0 0 0 0 0 0 14 14 14 14 14 14 14 14 14 14 14 14 14 14 14 14 14 14 4 4 4 4 1 1 1 1                              
1 1 1 1 6 6 6 6 6 5 5 6 6 6 5 5 5 6 6 6 5 5 5 6 6 6 6 6 6 6 6 6 6 6 6 6 6 6 6 6 6 6 6 6 6 6 6 6 6 6 6 6 6 6 6 6 6 6 6 6 6 6 6 6 6 6 6 6 6 6 6 6 6 6 5 6 6 6 5 1 1 10 10 10 10 10 1 11 11 11 1 10 10 10 10 10 1 1 1 1 13 12 12 12 12 12 13 0 0 0 0 0 0 0 0 0 0 0 0 0 0 0 0 0 16 12 12 12 12 12 12 12 12 12 12 12 12 12 12 12 12 14 4 4 4 4 1 1 1 1                              
1 1 1 1 6 6 6 6 6 5 5 5 5 5 5 5 5 6 6 6 5 5 5 6 6 6 6 6 6 6 6 6 6 6 6 6 6 6 6 6 5 5 6 6 6 6 6 6 6 6 6 6 6 6 6 6 6 6 6 5 5 5 6 6 6 6 6 6 6 6 6 6 6 6 5 6 6 6 5 1 1 10 10 10 10 10 1 11 11 11 1 10 10 10 10 10 1 1 1 1 13 12 12 12 12 12 16 0 0 0 0 0 0 0 0 0 0 0 0 0 0 0 0 0 14 12 12 12 12 12 12 12 12 12 12 12 12 12 12 12 12 14 4 4 4 4 1 1 1 1                              
1 1 1 1 6 6 6 6 6 5 5 5 5 5 5 5 5 5 5 5 5 5 5 5 5 5 6 6 6 6 6 6 5 5 6 6 6 6 6 6 5 5 6 6 6 6 6 6 6 6 6 6 6 6 6 6 6 6 6 5 5 5 6 6 6 6 6 6 6 6 6 6 6 5 5 6 6 6 5 1 1 10 10 10 10 10 1 1 11 1 1 10 10 10 10 10 1 1 1 1 13 12 12 12 12 12 16 0 0 0 0 1 1 1 1 0 0 0 0 0 0 0 0 0 12 12 12 12 12 12 12 12 12 12 12 12 12 12 12 12 12 14 4 4 4 4 1 1 1 1                              
1 1 1 1 6 6 6 6 6 6 5 5 5 5 5 5 5 5 5 5 5 5 5 5 6 6 6 6 6 6 6 6 5 5 6 6 6 6 6 6 5 5 5 5 5 6 6 6 6 6 6 5 5 6 6 6 6 6 6 5 5 5 6 6 6 6 6 6 6 6 6 6 6 5 5 6 6 6 5 1 1 10 10 10 10 10 10 10 11 10 10 10 10 10 10 10 1 1 1 1 13 12 12 12 12 12 13 0 0 0 0 1 2 2 1 0 0 0 0 0 0 0 0 0 14 12 12 12 12 12 12 12 12 12 12 12 12 12 12 12 12 14 4 4 4 4 1 1 1 1                              
1 1 1 1 6 6 6 6 6 6 5 5 5 5 5 5 5 1 1 1 1 1 5 5 6 6 6 6 6 6 6 6 5 5 6 6 6 6 6 6 5 5 5 5 5 6 6 6 6 6 6 5 5 6 6 6 6 6 6 5 5 5 6 6 6 6 6 6 6 6 6 6 6 5 5 5 5 5 5 1 1 10 10 10 10 10 10 10 11 10 10 10 10 10 10 10 1 1 1 1 13 12 12 12 12 12 12 0 0 0 0 1 2 2 1 0 0 0 0 0 0 0 0 0 16 12 12 12 12 12 12 12 12 12 12 12 12 12 12 12 12 14 4 4 4 4 1 1 1 1                              
1 1 1 1 6 6 6 6 6 6 5 5 5 5 5 5 5 1 5 5 5 1 5 5 6 6 6 6 6 6 6 6 5 5 5 5 5 5 5 5 5 5 5 5 6 6 6 6 6 6 6 5 5 6 6 6 6 6 6 5 5 5 5 5 6 6 6 6 6 6 6 6 6 5 5 5 5 5 5 1 1 10 10 10 10 10 10 10 11 10 10 10 10 10 11 11 11 11 11 11 12 12 12 12 12 12 13 0 0 0 0 1 2 2 1 0 0 0 0 0 0 0 0 0 16 12 12 12 12 12 12 12 12 12 12 12 12 12 12 12 12 14 4 4 4 4 1 1 1 1                              
1 1 1 1 6 6 6 6 6 5 5 5 5 5 5 5 5 1 5 5 5 1 5 5 6 6 6 6 6 6 6 5 5 5 5 5 5 5 5 5 5 5 5 5 6 6 6 6 6 6 5 5 5 5 6 6 6 5 5 5 5 5 5 5 6 6 6 6 6 6 6 6 6 5 5 5 5 5 5 1 1 10 10 10 10 10 10 10 11 10 10 10 10 10 11 10 1 1 1 1 13 12 12 12 12 12 13 0 0 0 0 1 1 1 1 0 0 0 0 0 0 0 0 0 16 12 12 12 12 12 12 12 12 12 12 12 12 12 12 12 12 14 4 4 4 4 1 1 1 1                              
1 1 1 1 6 6 6 6 6 6 6 6 5 5 5 5 5 1 5 5 5 1 5 5 6 6 6 6 6 6 6 5 5 5 5 5 5 5 5 5 5 5 5 5 6 6 6 6 6 6 5 5 5 6 6 6 6 5 5 5 5 6 6 6 6 6 6 6 6 6 6 6 6 5 5 5 5 5 5 1 11 11 11 11 11 11 11 11 11 11 11 11 11 11 11 10 1 1 1 1 13 12 12 12 12 12 16 0 0 0 0 0 0 0 0 0 0 0 0 0 0 0 0 0 16 12 12 12 12 12 12 12 12 12 12 12 12 12 12 12 12 14 4 4 4 4 1 1 1 1                              
1 1 1 1 6 6 6 6 6 6 6 6 5 5 5 5 5 1 5 5 5 1 5 5 5 6 6 6 6 6 6 6 6 6 6 5 5 5 5 5 5 6 6 6 6 6 6 6 6 6 5 5 5 6 6 6 6 5 5 5 5 6 6 6 6 6 6 6 6 6 6 6 6 5 5 5 5 5 5 1 11 11 11 11 11 11 11 11 11 11 11 11 11 11 10 10 1 1 1 1 13 12 12 12 12 12 16 0 0 0 0 0 0 0 0 0 0 0 0 0 0 0 0 0 16 12 12 12 12 12 12 12 12 12 12 12 12 12 12 12 12 14 4 4 4 4 1 1 1 1                              
1 1 1 1 6 6 6 6 6 6 6 6 5 5 5 5 5 1 5 5 5 1 5 5 5 6 6 6 6 6 6 6 6 6 6 5 5 5 5 5 5 6 6 6 6 6 6 6 6 6 5 5 5 6 6 6 6 5 5 5 5 6 6 6 6 6 6 6 6 6 6 6 6 5 5 5 5 5 5 1 1 10 10 10 10 10 10 10 11 10 10 10 10 10 10 10 1 1 1 1 13 12 12 12 12 12 16 0 0 0 0 0 0 0 0 0 0 0 0 0 0 0 0 0 14 12 12 12 12 12 12 12 12 12 12 12 12 12 12 12 12 14 4 4 4 4 1 1 1 1                              
1 1 1 1 6 6 6 6 6 5 5 5 5 5 5 5 5 1 1 5 1 1 5 5 5 6 6 6 6 6 6 6 6 6 6 5 5 5 5 5 5 6 6 6 5 5 5 5 5 5 5 5 5 6 6 6 5 5 5 5 5 6 6 6 6 6 6 5 5 5 5 5 5 5 5 5 5 5 5 1 1 10 10 10 10 10 10 10 11 10 10 10 10 10 10 10 1 1 1 1 13 12 12 12 12 12 13 0 0 0 0 0 0 0 0 0 0 0 0 0 0 0 0 0 14 14 16 16 16 14 16 16 16 16 14 14 12 12 12 12 12 14 4 4 4 4 1 1 1 1                              
1 1 1 1 6 6 6 6 6 6 6 5 5 5 5 5 5 5 5 5 5 5 5 5 5 5 5 5 5 5 6 6 6 6 6 5 5 5 5 5 5 6 6 6 5 5 5 5 5 5 5 5 5 6 6 6 5 5 5 5 5 6 6 6 6 6 6 5 5 5 5 5 5 5 5 5 5 5 5 1 1 10 10 10 10 10 10 10 11 10 10 10 10 10 10 10 1 1 1 1 13 13 13 13 13 13 13 0 0 0 0 0 0 0 0 0 0 0 0 0 0 0 0 0 0 0 0 0 0 0 0 0 0 0 0 14 12 12 12 12 12 14 4 4 4 4 1 1 1 1                              
1 1 1 1 6 6 6 6 6 6 6 5 5 5 5 5 5 5 5 5 5 5 5 5 5 5 5 5 5 5 6 6 6 6 6 5 5 5 5 5 5 6 6 6 5 5 5 5 5 5 5 5 5 5 5 5 5 5 5 5 5 5 5 5 5 5 5 5 5 5 5 5 5 5 5 5 5 5 5 1 1 10 10 10 10 10 10 10 11 10 10 10 10 10 10 10 1 1 1 1 4 4 4 4 4 0 0 0 0 0 0 0 0 0 0 0 0 0 0 0 0 0 0 0 0 0 0 0 0 0 0 0 0 0 0 16 12 12 12 12 12 14 4 4 4 4 1 1 1 1                              
1 1 1 1 6 6 6 6 6 6 6 5 5 5 5 6 6 6 6 6 6 5 5 6 6 6 6 6 6 5 5 5 5 5 5 5 5 5 5 5 5 5 5 5 5 5 5 5 5 5 5 5 5 5 5 5 5 5 5 5 5 5 5 5 5 5 5 5 5 5 5 5 5 5 5 5 5 5 5 1 1 10 10 10 10 10 10 10 11 10 10 10 10 10 10 10 1 1 1 1 4 4 4 4 4 0 0 0 0 0 0 0 0 0 0 0 0 0 0 0 0 0 0 0 0 0 0 0 0 0 0 0 0 0 0 16 12 12 12 12 12 14 4 4 4 4 1 1 1 1                              
1 1 1 1 6 6 6 6 6 5 5 5 5 5 5 6 6 6 6 6 6 5 5 6 6 6 6 6 6 5 5 5 5 5 5 5 5 5 5 5 5 5 5 5 5 5 5 5 5 5 5 5 5 5 5 5 6 6 6 6 6 6 6 6 6 6 5 5 5 5 5 5 5 5 5 5 5 5 5 1 1 10 10 10 10 10 10 10 11 10 10 10 10 10 10 10 1 1 1 1 4 4 4 4 4 0 0 0 0 0 0 0 0 0 0 0 0 0 0 0 0 0 0 0 0 0 0 0 0 0 0 0 0 0 0 16 12 12 12 12 12 14 4 4 4 4 1 1 1 1                              
1 1 1 1 6 6 6 6 6 6 6 6 6 6 6 6 6 6 6 6 6 6 6 6 6 6 6 6 6 6 6 6 6 6 6 6 6 5 5 6 6 6 6 6 6 5 5 5 5 5 5 5 5 5 5 5 6 6 6 6 6 6 6 6 6 6 5 5 5 5 5 5 5 5 5 5 5 5 5 1 1 10 10 10 10 10 10 10 11 10 10 10 10 10 10 10 1 1 1 1 4 4 4 4 4 0 0 0 0 0 0 0 0 0 0 0 0 0 0 0 0 0 0 0 0 0 0 0 0 0 0 0 0 0 0 16 12 12 12 12 12 14 4 4 4 4 1 1 1 1                              
1 1 1 1 6 6 6 6 6 6 6 6 6 6 6 6 6 6 6 6 6 6 6 6 6 6 6 6 6 6 6 6 6 6 6 6 6 6 6 6 6 6 6 6 6 6 5 5 5 5 5 6 6 6 6 6 6 6 6 6 6 6 6 6 6 6 6 6 6 6 6 6 6 6 6 6 6 6 6 1 1 10 10 10 10 10 10 10 11 10 10 10 10 10 10 10 1 1 1 1 4 4 4 4 4 0 0 0 0 0 0 0 0 0 0 0 0 0 0 0 0 0 0 0 0 0 0 0 0 0 0 0 0 0 0 16 12 12 12 12 12 14 4 4 4 4 1 1 1 1                              
1 1 1 1 6 6 6 6 6 6 6 6 6 6 6 6 6 6 6 6 6 6 6 6 6 6 6 6 6 6 6 6 6 6 6 6 6 4 4 6 6 6 6 6 6 4 4 0 0 5 0 0 4 4 4 4 6 6 6 6 6 6 6 6 6 6 4 4 4 4 4 4 0 0 0 0 0 0 6 6 1 10 10 10 10 10 10 10 11 10 10 10 10 10 10 10 1 1 1 1 4 4 4 4 4 0 0 0 0 0 0 0 0 0 0 0 0 0 0 0 0 0 0 0 0 0 0 0 0 0 0 0 0 0 0 16 12 12 12 12 12 14 4 4 4 4 1 1 1 1                              
1 1 1 1 6 6 6 4 4 4 6 6 6 6 6 6 6 6 6 6 6 6 6 6 6 6 6 6 6 6 6 6 6 6 6 6 6 4 4 6 6 6 6 6 6 4 4 0 0 5 0 0 4 4 4 4 6 6 6 6 6 6 6 6 6 6 4 4 4 4 4 4 0 0 0 0 0 0 6 6 1 10 10 10 10 10 10 10 11 10 10 10 10 10 10 10 1 1 1 1 4 4 4 4 4 0 0 0 0 0 0 0 0 0 0 0 0 0 0 0 0 0 0 0 0 0 0 0 0 0 0 0 0 0 0 14 12 12 12 12 12 14 4 4 4 4 1 1 1 1                              
1 1 1 1 6 6 6 4 4 4 6 6 6 6 6 6 0 6 6 6 6 6 6 6 6 6 6 6 6 6 6 6 6 6 6 6 6 4 4 6 6 6 6 6 6 4 4 0 0 5 0 0 4 4 4 4 4 4 4 4 4 4 4 4 4 4 4 4 4 4 4 4 0 0 0 0 0 0 6 6 1 10 10 10 10 10 10 10 11 10 10 10 10 10 10 10 1 1 1 1 4 4 4 4 4 0 0 0 0 0 0 0 0 0 0 0 0 0 0 0 0 0 0 0 0 0 0 0 0 0 0 0 0 0 0 14 14 12 14 16 16 14 4 4 4 4 1 1 1 1                              
1 1 1 1 4 4 4 4 4 4 4 4 4 4 0 0 0 0 0 0 0 4 4 4 6 6 6 4 4 4 4 4 4 4 4 4 4 4 4 4 4 4 4 4 4 4 4 0 0 5 0 0 4 4 4 4 4 4 4 4 4 4 4 4 4 4 4 4 4 4 4 4 0 0 0 0 0 0 6 6 1 10 10 10 10 10 10 10 11 10 10 10 10 10 10 10 1 1 1 1 4 4 4 4 4 0 0 0 0 0 0 0 0 0 0 0 0 0 0 0 0 0 0 0 0 0 0 0 0 0 0 0 0 0 0 0 0 0 0 0 0 0 4 4 4 4 1 1 1 1                              
1 1 1 1 4 4 4 4 4 4 4 4 4 4 0 0 0 0 0 0 0 4 4 4 6 6 6 4 4 4 4 4 4 4 4 4 4 4 4 4 4 4 4 4 4 4 4 4 0 5 0 0 4 4 4 4 4 4 4 4 4 4 4 4 4 4 4 4 4 4 4 4 0 0 0 0 0 0 6 6 1 10 10 10 10 10 10 10 11 10 10 10 10 10 10 10 1 1 1 1 4 4 4 4 4 0 0 0 0 0 0 0 0 0 0 0 0 0 0 0 0 0 0 0 0 0 0 0 0 0 0 0 0 0 0 0 0 0 0 0 0 0 4 4 4 4 1 1 1 1                              
1 1 1 1 4 4 4 4 4 4 4 4 4 4 0 1 1 1 1 1 0 4 4 4 4 4 4 4 4 4 0 4 4 4 4 4 0 0 0 0 4 4 4 4 4 4 4 4 0 5 0 4 4 4 4 4 4 4 4 4 4 4 4 4 4 0 0 0 0 0 0 0 0 3 0 0 0 0 0 4 1 10 10 10 10 10 10 10 11 10 10 10 10 10 10 10 1 1 1 1 4 4 4 4 4 0 0 0 0 0 0 0 0 0 0 0 0 0 0 0 0 0 0 0 0 0 0 0 0 0 0 0 0 0 0 0 0 0 0 0 0 0 4 4 4 4 1 1 1 1                              
1 1 1 1 4 4 4 4 4 4 4 4 4 4 0 1 3 3 3 1 0 4 4 4 4 4 4 4 4 4 0 4 4 4 4 4 0 0 0 0 4 4 4 4 4 4 4 4 0 3 0 4 4 4 4 4 4 4 4 4 4 4 4 4 4 0 0 0 0 0 3 3 3 3 3 3 0 0 0 4 1 10 10 10 10 10 10 10 11 10 10 10 10 10 10 10 1 1 1 1 4 4 4 4 4 0 0 0 0 0 0 0 0 0 0 0 0 0 0 0 0 0 0 0 0 0 0 0 0 0 0 0 0 0 0 0 0 0 0 0 0 0 4 4 4 4 1 1 1 1                              
1 1 1 1 4 4 4 4 4 4 4 4 4 4 0 1 3 3 3 1 0 4 4 4 4 4 4 4 4 4 0 4 4 4 4 4 0 0 0 0 4 4 4 4 4 4 4 4 0 3 0 4 4 4 4 4 4 4 4 4 4 4 4 4 4 0 0 0 3 3 3 3 0 0 0 3 0 0 0 4 1 10 10 10 10 10 10 10 11 10 10 10 10 10 10 10 1 1 1 1 4 4 4 4 4 0 0 0 0 0 0 0 0 0 0 0 0 0 0 0 0 0 0 0 0 0 0 0 0 0 0 0 0 0 0 0 0 0 0 0 0 0 4 4 4 4 1 1 1 1                              
1 1 1 1 4 4 4 4 4 4 4 4 4 4 0 1 3 3 3 1 0 4 4 4 4 4 4 4 4 4 0 0 0 0 0 0 0 0 0 0 0 0 0 0 4 4 4 4 0 3 0 4 4 4 4 4 4 4 4 4 4 0 0 0 0 0 0 3 3 3 0 0 0 0 0 0 3 0 0 4 1 10 10 10 10 11 11 11 11 11 11 11 11 10 10 10 1 1 1 1 4 4 4 4 4 0 0 0 0 0 0 0 0 0 0 0 0 0 0 0 0 0 0 0 0 0 0 0 0 0 0 0 0 0 0 0 0 0 0 0 0 0 4 4 4 4 1 1 1 1                              
1 1 1 1 4 4 4 4 4 4 4 4 4 4 0 1 3 3 3 1 0 4 4 4 4 4 4 4 4 4 0 0 0 0 0 0 0 0 0 0 0 0 0 4 4 4 4 4 0 3 0 4 4 4 4 4 4 4 4 4 4 0 0 0 0 3 3 3 0 0 0 0 0 0 0 0 3 3 0 4 1 10 10 10 10 11 11 11 11 11 11 11 11 10 10 10 1 1 1 1 4 4 4 4 4 0 0 0 0 0 0 0 0 0 0 0 0 0 0 0 0 0 0 0 0 0 0 0 0 0 0 0 0 0 0 0 0 0 0 0 0 0 4 4 4 4 1 1 1 1                              
1 1 1 1 4 4 4 4 4 4 4 4 4 4 0 1 3 3 3 1 0 4 4 4 4 4 4 4 4 4 0 0 0 0 0 0 0 4 4 4 4 4 0 4 4 4 4 4 0 3 0 4 4 4 4 4 4 4 4 4 4 0 0 0 3 3 3 3 0 0 0 4 4 4 4 0 0 3 0 4 1 10 10 10 10 11 11 11 11 11 11 11 11 10 10 10 1 1 1 1 4 4 4 4 4 0 0 0 0 0 0 0 0 0 0 0 0 0 0 0 0 0 0 0 0 0 0 0 0 0 0 0 0 0 0 0 0 0 0 0 0 0 4 4 4 4 1 1 1 1                              
1 1 1 1 4 4 4 4 4 4 4 4 4 4 0 1 1 3 1 1 0 4 4 4 4 4 0 0 0 0 0 0 0 0 0 0 0 4 4 4 4 4 4 4 4 4 4 4 0 3 0 0 4 4 4 4 4 4 4 4 0 0 0 3 3 0 0 0 0 0 4 4 4 4 4 0 0 3 0 4 1 10 10 10 10 11 11 11 11 11 11 11 11 10 10 10 1 1 1 1 4 4 4 4 4 0 0 0 0 0 0 0 0 0 0 0 0 0 0 0 0 0 0 0 0 0 0 0 0 0 0 0 0 0 0 0 0 0 0 0 0 0 4 4 4 4 1 1 1 1                              
1 1 1 1 4 4 4 4 4 4 4 4 4 4 0 0 0 3 0 0 0 4 4 4 4 4 0 0 0 0 0 0 0 0 0 0 0 4 4 4 4 4 4 4 4 4 4 0 0 3 0 0 4 4 4 4 4 4 4 4 0 0 3 3 3 0 0 0 0 0 4 4 4 4 4 0 0 3 0 4 1 10 10 10 10 11 11 11 11 11 11 11 11 10 10 10 1 1 1 1 4 4 4 4 4 0 0 0 0 0 0 0 0 0 0 0 0 0 0 0 0 0 0 0 0 0 0 0 0 0 0 0 0 0 0 0 0 0 0 0 0 0 4 4 4 4 1 1 1 1                              
1 1 1 1 4 4 4 4 4 4 4 4 4 4 0 0 0 3 0 0 0 4 4 4 4 4 4 4 4 0 3 3 3 3 0 0 4 4 4 4 4 4 4 4 4 4 4 0 0 3 0 0 4 4 4 4 4 4 4 4 0 0 3 3 0 0 0 0 0 4 4 4 4 4 4 0 0 3 0 4 1 1 1 1 1 1 1 1 11 11 1 1 1 1 1 1 1 1 1 1 4 4 4 4 4 13 16 16 13 15 15 13 13 13 13 13 16 16 16 13 13 13 15 15 13 13 16 16 16 16 16 13 13 13 16 16 13 15 15 13 13 13 4 4 4 4 1 1 1 1                              
1 1 1 1 4 4 4 4 4 4 4 4 4 4 0 0 0 3 0 0 0 4 4 4 4 4 4 4 4 0 3 0 0 0 0 0 4 4 4 4 4 4 4 4 4 4 0 0 0 3 0 0 4 4 4 4 4 4 4 4 0 0 3 0 0 0 4 4 4 4 4 4 4 4 4 0 0 3 0 4 4 4 4 4 4 4 4 3 11 11 3 4 4 4 4 4 1 1 1 1 4 4 4 4 4 13 15 15 15 15 15 15 15 15 13 15 15 15 15 15 15 15 15 15 15 15 15 15 15 15 15 15 15 13 15 15 15 15 15 15 15 13 4 4 4 4 1 1 1 1                              
1 1 1 1 4 4 4 4 4 4 4 4 4 4 0 0 0 3 0 0 4 4 4 4 4 4 4 4 4 0 3 0 0 0 0 0 4 4 4 4 4 4 4 4 4 4 0 0 0 3 0 0 4 4 4 4 0 0 0 0 3 3 3 0 0 0 4 4 4 4 4 4 4 4 4 4 4 3 3 3 0 3 3 3 0 3 3 3 3 0 3 4 4 4 4 4 1 1 1 1 4 4 4 4 4 13 15 15 15 15 15 15 15 15 13 15 15 15 15 15 15 15 15 15 15 15 15 15 15 15 15 15 15 13 15 15 15 15 15 15 15 13 4 4 4 4 1 1 1 1                              
1 1 1 1 4 4 4 4 4 4 4 4 4 4 0 0 0 3 0 0 4 4 4 4 4 4 4 4 4 0 3 0 0 0 4 4 4 4 4 4 4 4 4 4 4 4 0 0 0 3 0 0 4 4 4 4 0 0 0 3 3 3 3 0 0 0 4 4 4 4 4 4 4 4 4 4 4 3 3 0 3 0 0 0 3 0 3 0 0 0 0 4 4 4 4 4 1 1 1 1 4 4 4 4 4 13 15 15 15 15 15 15 15 15 13 15 15 15 15 15 15 15 15 15 15 15 15 15 15 15 15 15 15 13 15 15 15 15 15 15 15 13 4 4 4 4 1 1 1 1                              
1 1 1 1 4 4 4 4 4 4 4 4 4 4 0 0 0 3 0 0 4 4 4 4 4 4 4 4 4 0 3 0 0 0 4 4 4 4 4 4 4 4 4 4 0 0 0 0 3 3 3 0 0 0 0 0 0 3 3 3 3 3 0 0 4 4 4 4 4 4 4 4 4 4 4 4 4 4 4 0 0 0 0 0 0 0 0 0 0 0 3 4 4 4 4 4 1 1 1 1 4 4 4 4 4 13 15 15 15 15 15 15 15 15 13 15 15 15 15 15 15 15 15 15 15 15 15 15 15 15 15 15 15 13 15 15 15 15 15 15 15 13 4 4 4 4 1 1 1 1                              
1 1 1 1 4 4 4 4 4 4 4 4 4 4 0 0 0 3 0 0 0 0 0 0 4 4 4 4 4 0 3 0 0 0 4 4 4 4 4 0 0 0 0 0 0 0 0 0 3 3 3 0 0 0 0 0 0 3 3 0 0 0 0 0 4 4 4 4 4 4 4 4 0 0 0 0 0 4 4 4 4 4 4 4 4 4 0 0 0 0 0 4 4 4 4 4 1 1 1 1 4 4 4 4 4 13 15 15 15 15 15 15 15 15 15 15 15 15 15 15 15 15 15 15 15 15 15 15 15 15 15 15 15 5 15 15 15 15 15 15 15 13 4 4 4 4 1 1 1 1                              
1 1 1 1 4 4 4 4 4 4 4 4 4 4 0 0 0 3 0 0 0 0 0 0 0 0 0 0 0 0 3 0 0 0 0 0 0 0 0 0 0 0 0 0 0 0 0 3 3 3 3 3 0 0 0 0 3 3 3 0 0 0 0 0 4 4 4 4 4 4 0 0 0 0 0 0 0 4 4 4 4 4 4 4 4 4 4 4 4 4 4 4 4 4 4 4 1 1 1 1 4 4 4 4 4 13 15 15 15 15 15 15 15 15 13 15 15 15 15 15 15 15 15 15 15 15 15 15 15 15 15 15 15 13 15 15 15 15 15 15 15 13 4 4 4 4 1 1 1 1                              
1 1 1 1 4 4 4 4 4 4 4 4 4 4 0 0 0 3 0 0 0 0 0 0 0 0 0 0 0 0 3 0 0 0 0 0 0 0 0 0 0 0 0 0 0 0 3 3 3 3 3 3 3 0 0 0 3 3 0 0 0 0 0 4 4 4 4 4 4 4 0 0 0 0 0 0 0 0 0 0 0 0 0 0 0 4 4 4 4 4 4 4 4 4 4 4 1 1 1 1 4 4 4 4 4 13 15 15 15 15 15 15 15 15 13 15 15 15 15 15 15 15 15 15 15 15 15 15 15 15 15 15 15 13 15 15 15 15 15 15 15 13 4 4 4 4 1 1 1 1                              
1 1 1 1 4 4 4 4 4 4 4 4 4 4 0 0 0 3 3 3 3 3 3 3 3 3 3 3 3 3 3 3 3 3 3 3 3 3 3 3 3 3 3 3 3 3 3 3 3 3 3 3 3 3 3 3 3 0 0 0 0 0 0 0 0 0 4 4 4 4 0 0 0 0 0 0 0 0 0 0 0 0 0 0 0 0 0 0 0 0 0 4 4 4 4 4 1 1 1 1 4 4 4 4 4 13 15 15 15 15 15 15 15 15 13 15 15 15 15 15 15 15 15 15 15 15 15 15 15 15 15 15 15 13 15 15 15 15 15 15 15 13 4 4 4 4 1 1 1 1                              
1 1 1 1 4 4 4 4 4 4 4 4 4 4 0 0 0 0 0 0 0 0 0 0 0 0 0 0 0 0 3 0 0 0 0 0 0 0 0 0 0 0 0 0 0 0 3 3 3 3 3 3 3 0 0 0 0 0 0 0 0 4 0 0 0 0 4 4 4 0 0 2 2 2 2 2 2 2 2 2 2 2 2 0 0 0 0 0 0 0 0 0 4 4 4 4 1 1 1 1 4 4 4 4 4 13 15 15 15 15 15 15 15 15 13 15 15 15 15 15 15 15 15 15 15 15 15 15 15 15 15 15 15 13 15 15 15 15 15 15 15 13 4 4 4 4 1 1 1 1                              
1 1 1 1 4 4 4 4 4 4 4 4 4 4 0 0 0 0 0 0 0 0 0 0 0 0 0 0 0 0 3 0 0 0 0 0 0 0 0 0 0 0 0 0 0 0 0 3 3 3 3 3 0 0 0 0 0 0 0 0 0 4 4 4 0 0 4 4 4 0 0 2 2 2 2 2 2 2 2 2 2 2 2 0 0 0 0 0 0 0 0 0 4 4 4 4 1 1 1 1 4 4 4 4 4 13 13 13 13 13 15 13 13 13 13 13 13 13 13 13 13 13 15 15 15 13 13 13 13 13 13 13 13 13 13 13 13 15 13 13 13 13 4 4 4 4 1 1 1 1                              
1 1 1 1 4 4 4 4 4 4 4 4 4 4 0 0 0 0 0 0 0 0 0 0 0 0 0 0 0 0 3 0 0 0 0 0 0 0 0 0 0 0 0 0 0 0 0 0 3 3 3 0 0 0 0 0 0 0 0 4 4 4 4 4 4 0 0 4 4 0 0 2 2 2 2 2 2 2 2 2 2 2 2 2 2 2 2 0 0 0 0 0 4 4 4 4 1 1 1 1 4 4 4 4 4 13 15 15 15 15 15 15 15 15 13 15 15 15 15 15 15 15 15 15 15 15 15 15 15 15 15 15 15 13 15 15 15 15 15 15 15 13 4 4 4 4 1 1 1 1                              
1 1 1 1 4 4 4 4 4 4 4 4 4 4 4 4 4 4 4 4 4 4 4 4 4 4 4 4 4 4 3 4 4 4 4 4 4 4 4 4 4 4 4 4 0 0 0 0 0 3 0 0 0 0 0 0 0 0 0 4 4 4 4 4 4 0 0 0 0 0 0 2 2 2 2 2 2 2 2 2 2 2 2 2 2 2 2 2 0 0 0 0 4 4 4 4 1 1 1 1 4 4 4 4 4 13 15 15 15 15 15 15 15 15 13 15 15 15 15 15 15 15 15 15 15 15 15 15 15 15 15 15 15 13 15 15 15 15 15 15 15 13 4 4 4 4 1 1 1 1                              
1 1 1 1 4 4 4 4 4 4 4 4 4 4 4 4 4 4 4 4 4 4 4 4 4 4 4 4 4 4 3 4 4 4 4 4 4 4 4 4 4 4 4 4 0 0 0 0 0 3 0 0 0 4 4 4 4 4 4 4 4 4 4 4 4 0 0 0 0 0 0 2 2 2 2 2 2 2 2 2 2 2 2 2 2 2 2 2 0 0 0 0 4 4 4 4 1 1 1 1 4 4 4 4 4 13 15 15 15 15 15 15 15 15 13 15 15 15 15 15 15 15 15 15 15 15 15 15 15 15 15 15 15 13 15 15 15 15 15 15 15 13 4 4 4 4 1 1 1 1                              
1 1 1 1 4 4 4 4 4 4 4 4 4 4 4 4 4 4 4 4 4 4 4 4 4 4 4 4 4 4 3 4 4 4 4 4 4 4 4 4 4 4 4 4 0 0 0 0 0 3 0 0 0 4 4 4 4 4 4 4 4 4 4 4 0 0 0 2 2 2 2 2 2 2 2 2 2 2 2 2 2 2 2 2 2 2 2 2 0 0 0 0 4 4 4 4 1 1 1 1 4 4 4 4 4 13 15 15 15 15 15 15 15 15 13 15 15 15 15 15 15 15 15 15 15 15 15 15 15 15 15 15 15 13 15 15 15 15 15 15 15 13 4 4 4 4 1 1 1 1                              
1 1 1 1 4 4 4 4 4 4 4 4 4 4 4 4 4 4 4 4 4 4 4 4 4 4 4 4 4 4 3 4 4 4 4 4 4 4 4 4 4 4 4 4 4 4 4 4 0 3 0 0 0 4 4 4 4 4 4 4 4 4 4 4 0 0 2 2 2 2 2 2 2 2 2 2 2 2 2 2 2 2 2 2 2 2 2 2 0 0 0 4 4 4 4 4 1 1 1 1 4 4 4 4 4 13 15 15 15 15 15 15 15 15 13 15 15 15 15 15 15 15 15 15 15 15 15 15 15 15 15 15 15 13 15 15 15 15 15 15 15 13 4 4 4 4 1 1 1 1                              
1 1 1 1 4 4 4 4 4 4 4 4 4 4 4 4 4 4 4 4 4 4 4 4 4 4 4 4 4 4 3 4 4 4 4 4 4 4 4 4 4 4 4 4 4 4 4 4 0 3 0 0 0 4 4 4 4 4 4 4 4 0 0 0 0 0 2 2 2 2 2 2 2 2 2 2 2 2 2 2 2 2 2 2 2 2 2 2 0 0 0 4 4 4 4 4 1 1 1 1 4 4 4 4 4 13 15 15 15 15 15 15 15 15 13 15 15 15 15 15 15 15 15 15 15 15 15 15 15 15 15 15 15 13 15 15 15 15 15 15 15 13 4 4 4 4 1 1 1 1                              
1 1 1 1 4 4 4 4 4 4 4 4 4 4 4 4 4 4 4 4 4 4 4 4 4 4 4 4 4 4 3 4 4 4 4 4 4 4 4 4 4 4 4 4 4 4 4 4 0 3 0 0 0 4 4 4 4 4 4 4 4 0 0 0 0 2 2 2 2 2 2 2 2 2 2 2 2 2 2 2 2 2 2 2 2 2 2 2 0 0 0 4 4 4 4 4 1 1 1 1 4 4 4 4 4 13 15 15 15 15 15 15 15 15 13 15 15 15 15 15 15 15 15 15 15 15 15 15 15 15 15 15 15 13 15 15 15 15 15 15 15 13 4 4 4 4 1 1 1 1                              
1 1 1 1 4 4 4 4 4 1 1 1 1 1 1 1 4 4 4 4 4 4 4 4 4 4 4 4 4 4 3 4 4 4 4 4 4 4 4 4 4 4 4 4 4 4 4 4 0 3 0 4 4 4 4 4 4 4 4 4 4 0 0 0 0 2 2 2 2 2 2 2 2 2 2 2 2 2 2 2 2 2 2 2 2 2 2 2 0 0 0 4 4 4 4 4 1 1 1 1 4 4 4 4 4 13 15 15 15 15 15 15 15 15 13 15 15 15 15 15 15 15 15 15 15 15 15 15 15 15 15 15 15 13 15 15 15 15 15 15 15 13 4 4 4 4 1 1 1 1                              
1 1 1 1 4 4 4 4 4 1 3 3 3 3 1 3 3 3 3 3 3 3 3 3 3 3 3 3 3 3 3 4 4 4 4 4 4 4 4 4 4 4 4 4 4 4 4 4 0 3 0 4 4 4 4 4 4 4 4 4 4 0 0 0 0 2 2 2 2 2 2 2 2 2 2 2 2 2 2 2 2 2 2 2 2 2 2 0 0 0 0 4 4 4 4 4 1 1 1 1 4 4 4 4 4 13 15 15 15 15 15 15 15 15 13 15 15 15 15 15 15 13 13 13 13 13 13 15 15 15 15 15 15 13 15 15 15 15 15 15 15 13 4 4 4 4 1 1 1 1                              
1 1 1 1 4 4 4 4 4 1 3 3 3 3 1 1 4 4 4 4 4 4 4 4 4 4 4 4 4 4 4 4 4 4 4 4 4 4 4 4 4 4 4 4 4 4 4 4 0 3 0 4 4 4 4 4 4 4 4 4 4 0 0 0 0 2 2 2 2 2 2 2 2 2 2 2 2 2 2 2 2 2 2 2 2 2 0 0 0 0 0 4 4 4 4 4 1 1 1 1 4 4 4 4 4 13 15 15 15 15 15 15 15 15 13 15 15 15 15 15 15 13 2 2 2 2 13 15 15 15 15 15 15 13 15 15 15 15 15 15 15 13 4 4 4 4 1 1 1 1                              
1 1 1 1 4 4 4 4 4 1 3 3 3 3 1 1 4 4 4 4 4 4 4 4 4 4 4 4 4 4 4 4 4 4 4 4 4 4 4 4 4 4 4 4 4 4 4 4 0 3 0 4 4 4 4 4 4 4 4 4 4 0 0 0 0 2 2 2 2 2 2 2 2 2 2 2 2 2 2 2 2 2 2 2 2 2 0 0 0 4 4 4 4 4 4 4 1 1 1 1 4 4 4 4 4 13 15 15 15 15 15 15 15 15 15 15 15 15 15 15 15 13 2 2 2 2 13 15 15 15 15 15 15 13 15 15 15 15 15 15 15 13 4 4 4 4 1 1 1 1                              
1 1 1 1 4 4 4 4 4 1 3 3 3 3 1 4 4 4 4 4 4 4 4 4 4 4 4 4 4 4 4 4 4 4 4 4 4 4 4 4 4 4 4 4 4 4 4 4 0 3 0 4 4 4 4 4 4 4 4 4 4 0 0 0 0 2 2 2 2 2 2 2 2 2 2 2 2 2 2 2 2 2 2 2 2 0 0 0 0 0 4 4 4 4 4 4 1 1 1 1 4 4 4 4 4 13 15 15 15 15 15 15 15 15 15 15 15 15 15 15 15 13 2 2 2 2 13 15 15 15 15 15 15 15 15 15 15 15 15 15 15 13 4 4 4 4 1 1 1 1                              
1 1 1 1 4 4 4 4 4 1 3 3 3 3 1 4 4 4 4 4 4 4 4 4 4 4 4 4 4 4 4 4 4 4 4 4 4 4 4 4 4 4 4 4 4 4 4 4 0 8 0 0 0 4 4 4 4 4 4 4 4 0 0 0 0 0 2 2 2 2 2 2 2 2 2 2 2 2 2 2 2 0 0 0 0 0 0 0 0 0 4 4 4 4 4 4 1 1 1 1 4 4 4 4 4 13 15 15 15 15 15 15 15 15 15 15 15 15 15 15 15 13 2 2 2 2 13 15 15 15 15 15 15 15 15 15 15 15 15 15 15 13 4 4 4 4 1 1 1 1                              
1 1 1 1 4 4 4 4 4 1 3 1 1 1 1 4 4 4 4 4 4 4 4 4 4 4 4 4 4 4 4 4 4 4 4 4 4 4 4 4 4 4 4 4 4 4 4 4 0 8 0 0 0 4 4 4 4 4 4 4 4 0 0 0 0 0 0 0 0 0 0 0 0 0 0 0 0 0 0 0 0 0 0 0 0 0 0 0 4 0 4 4 4 4 4 4 1 1 1 1 4 4 4 4 4 13 15 15 15 15 15 15 15 15 13 15 15 15 15 15 15 13 2 2 2 2 13 15 15 15 15 15 15 13 15 15 15 15 15 15 15 13 4 4 4 4 1 1 1 1                              
1 1 1 1 4 4 4 4 4 4 3 3 3 3 3 3 3 4 4 4 4 4 4 4 4 4 4 4 4 4 4 4 4 4 4 4 4 4 4 4 4 4 4 4 4 4 4 4 0 8 0 0 0 4 4 4 4 4 4 4 4 0 0 0 0 0 0 0 0 0 0 0 0 0 0 0 0 0 0 0 0 0 0 4 4 4 4 4 4 0 4 4 4 4 4 4 1 1 1 1 4 4 4 4 4 13 15 15 15 15 15 15 15 15 13 15 15 15 15 15 15 13 2 2 2 2 13 15 15 15 15 15 15 13 15 15 15 15 15 15 15 13 4 4 4 4 1 1 1 1                              
1 1 1 1 4 4 4 4 4 4 4 4 4 4 4 4 3 4 4 4 4 4 4 4 4 4 4 4 4 4 4 4 4 4 4 4 4 4 4 4 4 4 4 4 4 4 4 4 0 8 0 0 0 4 4 4 4 4 4 4 4 4 4 4 4 4 0 0 0 0 0 0 0 0 0 0 0 0 0 0 0 4 4 4 4 4 4 4 0 0 4 4 4 4 4 4 1 1 1 1 4 4 4 4 4 13 15 15 15 15 15 15 15 15 13 15 15 15 15 15 15 13 2 2 2 2 13 15 15 15 15 15 15 13 15 15 15 15 15 15 15 13 4 4 4 4 1 1 1 1                              
1 1 1 1 4 4 4 4 4 4 4 4 4 4 4 4 3 4 4 4 4 4 4 4 4 4 4 4 4 4 4 4 4 4 4 4 4 4 4 4 4 4 4 4 4 4 4 4 0 8 0 0 0 4 4 4 4 4 4 4 4 4 4 4 4 4 4 4 4 4 4 4 4 4 4 4 4 4 4 4 4 4 4 4 4 4 4 4 0 0 4 4 4 4 4 4 1 1 1 1 4 4 4 4 4 13 15 15 15 15 15 15 15 15 13 15 15 15 15 15 15 13 2 2 2 2 13 15 15 15 15 15 15 13 15 15 15 15 15 15 15 13 4 4 4 4 1 1 1 1                              
1 1 1 1 4 4 4 4 4 4 4 4 4 4 4 4 3 4 4 4 4 4 4 4 4 4 4 4 4 4 4 4 4 4 4 4 4 4 4 4 4 4 4 4 4 4 4 4 0 8 0 0 4 4 4 4 4 4 4 4 4 4 4 4 4 4 4 4 4 4 4 4 4 4 4 4 4 4 4 4 4 4 4 4 4 4 4 4 0 4 4 4 4 4 4 4 1 1 1 1 4 4 4 4 4 13 15 15 15 15 15 15 15 15 13 15 15 15 15 15 15 13 13 13 13 13 13 15 15 15 15 15 15 13 15 15 15 15 15 15 15 13 4 4 4 4 1 1 1 1                              
1 1 1 1 9 9 9 9 9 4 4 4 4 4 4 4 3 9 9 9 4 4 4 4 4 4 4 4 4 4 4 4 4 4 4 9 9 9 9 9 9 9 9 9 9 9 9 9 7 8 7 9 9 9 9 9 9 9 9 9 9 9 9 9 9 9 9 9 9 9 9 9 9 9 9 9 9 9 9 9 9 9 9 9 9 9 9 9 7 9 9 9 9 9 9 9 1 1 1 1 4 4 4 4 4 13 15 15 15 15 15 15 15 15 13 15 15 15 15 15 15 15 15 15 15 15 15 15 15 15 15 15 15 13 15 15 15 15 15 15 15 13 4 4 4 4 1 1 1 1                              
1 1 1 1 9 9 9 9 9 4 4 4 9 9 9 9 8 9 9 9 9 9 9 9 4 4 4 4 9 9 9 9 9 9 9 9 9 9 9 9 9 9 9 9 9 9 9 9 7 8 7 7 9 9 9 9 9 9 9 9 9 9 9 9 9 9 9 9 9 9 9 9 9 9 9 9 9 9 9 9 9 9 9 9 9 9 7 7 7 7 7 9 9 9 9 9 1 1 1 1 4 4 4 4 4 13 15 15 15 15 15 15 15 15 13 15 15 15 15 15 15 15 15 15 15 15 15 15 15 15 15 15 15 13 15 15 15 15 15 15 15 13 4 4 4 4 1 1 1 1                              
1 1 1 1 9 9 9 9 9 9 9 9 9 9 9 9 8 9 9 9 9 9 9 9 9 9 9 9 9 9 9 9 9 9 9 9 9 9 9 9 9 9 9 9 9 9 9 9 7 8 7 7 9 9 9 9 9 9 9 9 9 9 9 9 9 9 9 9 9 9 9 9 9 9 9 9 9 9 9 9 9 9 9 9 9 9 7 7 7 7 7 9 9 9 9 9 1 1 1 1 4 4 4 4 4 13 15 15 15 15 15 15 15 15 13 15 15 15 15 15 15 15 15 15 15 15 15 15 15 15 15 15 15 13 15 15 15 15 15 15 15 13 4 4 4 4 1 1 1 1                              
1 1 1 1 9 9 9 9 9 9 9 9 9 9 9 9 8 9 9 9 9 9 9 9 9 9 9 9 9 9 9 9 9 9 9 9 9 9 9 9 9 9 9 9 9 9 9 9 7 8 7 7 9 9 9 9 9 9 9 9 9 9 9 9 9 9 9 9 9 9 9 9 9 9 9 9 9 9 9 9 9 9 9 9 9 9 7 7 7 9 9 9 9 9 9 9 1 1 1 1 4 4 4 4 4 13 15 15 15 15 15 15 15 15 13 15 15 15 15 15 15 15 15 15 15 15 15 15 15 15 15 15 15 13 15 15 15 15 15 15 15 13 4 4 4 4 1 1 1 1                              
1 1 1 1 9 9 9 9 9 9 9 9 9 9 9 9 8 8 9 9 9 9 9 9 9 9 9 9 9 9 9 9 9 9 9 9 9 9 9 9 9 9 9 9 9 9 9 9 7 8 7 7 7 9 9 9 9 9 9 9 9 9 9 9 9 9 9 9 9 9 9 9 9 9 9 9 9 9 9 9 9 9 9 9 9 9 7 7 7 9 9 9 9 9 9 9 1 1 1 1 4 4 4 4 4 13 15 15 15 15 15 15 15 15 13 15 15 15 15 15 15 15 15 15 15 15 15 15 15 15 15 15 15 13 15 15 15 15 15 15 15 13 4 4 4 4 1 1 1 1                              
1 1 1 1 9 9 9 9 9 9 9 9 9 9 9 9 8 8 9 9 9 9 9 9 9 9 9 9 9 9 9 9 9 9 9 9 9 9 9 9 9 9 9 9 9 9 9 9 7 8 7 7 7 9 9 9 9 9 9 9 9 9 9 9 9 9 7 9 9 9 9 9 9 9 9 9 9 9 9 9 9 9 7 7 7 7 7 7 7 9 9 9 9 9 9 9 1 1 1 1 4 4 4 4 4 13 15 15 15 15 15 15 15 15 13 15 15 15 15 15 15 15 15 15 15 15 15 15 15 15 15 15 15 13 15 15 15 15 15 15 15 13 4 4 4 4 1 1 1 1                              
1 1 1 1 9 9 9 9 9 9 9 9 9 9 9 9 9 8 8 9 9 9 9 9 9 9 9 9 9 9 9 9 9 9 9 9 7 9 9 9 7 7 9 9 9 9 9 7 7 8 7 7 7 9 9 9 9 9 9 9 9 9 9 9 9 9 7 9 9 9 9 9 9 9 9 9 9 9 9 9 9 9 7 7 7 7 7 7 7 9 9 9 9 9 9 9 1 1 1 1 4 4 4 4 4 13 15 15 15 15 15 15 15 15 13 15 15 15 15 15 15 15 15 15 15 15 15 15 15 15 15 15 15 13 15 15 15 15 15 15 15 13 4 4 4 4 1 1 1 1                              
1 1 1 1 9 9 9 9 9 9 9 9 9 9 7 9 9 9 8 9 7 7 9 9 9 9 9 9 9 9 9 9 9 9 9 9 7 9 9 9 7 7 9 9 9 7 7 7 7 8 7 7 7 9 9 9 9 9 9 9 9 9 7 7 7 7 7 9 9 9 9 9 9 9 9 9 9 9 9 9 9 9 7 7 7 7 7 7 7 9 9 9 9 9 9 9 1 1 1 1 4 4 4 4 4 13 15 15 15 15 15 15 15 15 13 15 15 15 15 15 15 15 15 15 15 15 15 15 15 15 15 15 15 13 15 15 15 15 15 15 15 13 4 4 4 4 1 1 1 1                              
1 1 1 1 9 9 9 9 9 9 7 9 9 9 7 9 9 9 7 7 7 7 9 9 9 7 7 9 9 9 9 9 9 9 9 9 7 7 7 7 7 7 7 7 7 7 7 7 7 8 7 7 7 7 7 7 7 9 9 9 9 9 7 7 7 7 7 7 7 7 7 7 7 7 9 9 9 9 9 7 7 7 7 7 7 7 7 7 7 9 9 9 9 9 9 9 1 1 1 1 4 4 4 4 4 13 15 15 15 15 15 15 15 15 13 13 13 13 13 13 13 13 15 15 15 15 13 13 13 13 13 13 13 13 13 13 13 15 13 13 13 13 4 4 4 4 1 1 1 1                              
1 1 1 1 9 9 9 9 9 9 7 9 9 9 7 9 9 9 7 7 7 7 7 7 7 7 7 9 9 9 9 9 9 7 7 7 7 7 7 7 7 7 7 7 7 7 7 7 7 8 7 7 7 7 7 7 7 7 7 7 7 7 7 7 7 7 7 7 7 7 7 7 7 7 9 9 9 9 9 7 7 7 7 7 7 7 7 7 7 9 9 9 9 9 9 9 1 1 1 1 4 4 4 4 4 13 15 15 15 15 15 15 15 15 13 15 15 15 15 15 15 15 15 15 15 15 15 15 15 15 15 15 15 13 15 15 15 15 15 15 15 13 4 4 4 4 1 1 1 1                              
1 1 1 1 9 9 9 9 9 9 7 7 7 7 7 7 7 7 7 7 7 7 7 7 7 7 7 7 7 7 7 7 7 7 7 7 7 7 7 7 7 7 7 7 7 7 7 7 7 8 7 7 7 7 7 7 7 7 7 7 7 7 7 7 7 7 7 7 7 7 7 7 7 7 7 7 7 7 7 7 7 7 9 9 9 9 9 7 7 7 7 9 9 9 9 9 1 1 1 1 4 4 4 4 4 13 15 15 15 15 15 15 15 15 13 15 15 15 15 15 15 15 15 15 15 15 15 15 15 15 15 15 15 13 15 15 15 15 15 15 15 13 4 4 4 4 1 1 1 1                              
1 1 1 1 9 9 9 9 9 9 7 7 7 8 8 8 8 8 8 8 8 8 8 8 8 8 8 8 8 8 8 8 8 8 8 8 8 8 8 8 8 8 8 8 8 8 8 8 8 8 8 8 8 8 8 8 8 8 8 8 8 8 8 8 8 8 8 8 8 8 8 8 8 8 8 8 7 7 7 7 7 7 9 9 9 9 9 7 7 7 7 9 9 9 9 9 1 1 1 1 4 4 4 4 4 13 15 15 15 15 15 15 15 15 13 15 15 15 15 15 15 15 15 15 15 15 15 15 15 15 15 15 15 13 15 15 15 15 15 15 15 13 4 4 4 4 1 1 1 1                              
1 1 1 1 9 9 9 9 9 9 9 7 7 8 7 7 7 7 7 7 7 7 7 7 1 1 1 1 1 7 7 7 8 7 7 7 7 7 7 7 7 7 7 7 7 7 7 7 7 8 7 7 7 7 7 7 7 7 7 7 7 7 7 7 7 7 7 7 7 7 7 7 7 7 7 7 7 7 7 7 7 7 9 9 9 9 9 7 7 9 9 9 9 9 9 9 1 1 1 1 4 4 4 4 4 13 15 15 15 15 15 15 15 15 13 15 15 15 15 15 15 15 15 15 15 15 15 15 15 15 15 15 15 13 15 15 15 15 15 15 15 13 4 4 4 4 1 1 1 1                              
1 1 1 1 9 9 9 9 9 9 9 7 7 8 7 7 7 7 7 7 7 7 7 7 1 8 8 8 1 7 7 7 8 7 7 7 7 7 7 7 7 7 7 7 7 7 7 7 7 7 7 7 7 7 7 7 7 7 7 7 7 7 7 7 7 7 7 7 7 7 7 7 7 7 7 7 7 7 7 7 7 7 9 9 9 9 9 7 7 9 9 9 9 9 9 9 1 1 1 1 4 4 4 4 4 13 15 15 15 15 15 15 15 15 13 15 15 15 15 15 15 15 15 15 15 15 15 15 15 15 15 15 15 13 15 15 15 15 15 15 15 13 4 4 4 4 1 1 1 1                              
1 1 1 1 9 9 9 9 9 9 9 7 7 8 7 7 9 9 9 7 9 9 9 7 1 8 8 8 1 7 7 7 8 7 7 7 9 9 9 9 9 9 9 7 7 7 7 7 7 7 7 7 7 7 7 7 7 7 9 9 9 9 9 7 7 7 7 7 7 7 7 7 7 7 7 7 9 9 9 9 9 7 7 7 7 7 7 7 7 9 9 9 9 9 9 9 1 1 1 1 4 4 4 4 4 13 15 15 15 15 15 15 15 15 15 15 15 15 15 15 15 15 15 15 15 15 15 15 15 15 15 15 15 15 15 15 15 15 15 15 15 13 4 4 4 4 1 1 1 1                              
1 1 1 1 9 9 9 9 9 9 9 7 7 8 7 7 9 9 9 7 9 9 9 7 1 8 8 8 1 7 7 7 8 7 7 7 9 9 9 9 9 9 9 9 9 9 9 9 7 7 7 7 7 7 7 7 7 7 9 9 9 9 9 9 9 9 9 9 9 9 9 9 7 7 7 7 9 9 9 9 9 7 7 7 7 7 7 7 7 9 9 9 9 9 9 9 1 1 1 1 4 4 4 4 4 13 15 15 15 15 15 15 15 15 13 15 15 15 15 15 15 15 15 15 15 15 15 15 15 15 15 15 15 13 15 15 15 15 15 15 15 13 4 4 4 4 1 1 1 1                              
1 1 1 1 9 9 9 9 9 9 9 7 7 7 7 7 9 9 9 9 9 9 9 7 1 8 8 8 1 7 7 8 7 7 7 7 9 9 9 9 9 9 9 9 9 9 9 9 7 7 7 7 7 7 9 9 9 9 9 9 9 9 9 9 9 9 9 9 9 9 9 9 7 7 7 7 9 9 9 9 9 9 7 7 7 7 7 7 9 9 9 9 9 9 9 9 1 1 1 1 4 4 4 4 4 13 15 15 15 15 15 15 15 15 13 15 15 15 15 15 15 15 15 15 15 15 15 15 15 15 15 15 15 13 15 15 15 15 15 15 15 13 4 4 4 4 1 1 1 1                              
1 1 1 1 9 9 9 9 9 9 9 7 7 7 7 7 9 9 9 9 9 9 9 7 1 8 8 8 1 7 7 8 7 7 9 9 9 9 9 9 9 9 9 9 9 9 9 9 7 9 9 9 9 9 9 9 9 9 9 9 9 9 9 9 9 9 9 9 9 9 9 9 7 7 7 7 9 9 9 9 9 9 7 7 7 7 7 7 9 9 9 9 9 9 9 9 1 1 1 1 4 4 4 4 4 13 15 15 15 15 15 15 15 15 13 15 15 15 15 15 15 15 15 15 15 15 15 15 15 15 15 15 15 13 15 15 15 15 15 15 15 13 4 4 4 4 1 1 1 1                              
1 1 1 1 9 9 9 9 9 9 9 9 7 7 9 9 9 9 9 9 9 9 9 7 1 1 8 1 1 7 8 7 7 7 9 9 9 9 9 9 9 9 9 9 9 9 9 9 9 9 9 9 9 9 9 9 9 9 9 9 9 9 9 9 9 9 9 9 9 9 9 9 7 7 7 7 7 9 9 9 9 9 7 7 7 9 9 9 9 9 9 9 9 9 9 9 1 1 1 1 4 4 4 4 4 13 15 15 15 15 15 15 15 15 13 15 15 15 15 15 15 15 15 15 15 15 15 15 15 15 15 15 15 13 15 15 15 15 15 15 15 13 4 4 4 4 1 1 1 1                              
1 1 1 1 9 9 9 9 9 9 9 9 9 9 9 9 9 9 9 9 9 9 9 7 7 7 8 8 8 8 8 7 7 9 9 9 9 9 9 9 9 9 9 9 9 9 9 9 9 9 9 9 9 9 9 9 9 9 9 9 9 9 9 9 9 9 9 9 9 7 7 7 7 7 7 9 9 9 9 9 9 9 7 7 7 9 9 9 9 9 9 9 9 9 9 9 1 1 1 1 4 4 4 4 4 13 15 15 15 15 15 15 15 15 13 15 15 15 15 15 15 15 15 15 15 15 15 15 15 15 15 15 15 13 15 15 15 15 15 15 15 13 4 4 4 4 1 1 1 1                              
1 1 1 1 9 9 9 9 9 9 9 9 9 9 9 9 9 9 9 9 9 9 9 7 7 7 7 7 7 7 7 7 7 9 9 9 9 9 9 9 9 9 9 9 9 9 9 9 9 9 9 9 9 9 9 9 9 9 9 9 9 9 9 9 9 9 9 9 9 9 9 9 9 9 7 9 9 9 9 9 7 7 7 7 7 9 9 9 9 9 9 9 9 9 9 9 1 1 1 1 4 4 4 4 4 13 15 15 15 15 15 15 15 15 13 15 15 15 15 15 15 15 15 15 15 15 15 15 15 15 15 15 15 13 15 15 15 15 15 15 15 13 4 4 4 4 1 1 1 1                              
1 1 1 1 9 9 9 9 9 9 9 9 9 9 9 9 9 9 9 9 9 9 9 9 9 9 9 7 7 7 7 7 9 9 9 9 9 9 9 9 9 9 9 9 9 9 9 9 9 9 9 9 9 9 9 9 9 9 9 9 9 9 9 9 9 9 9 9 9 9 9 9 9 9 7 9 9 9 9 9 7 7 7 7 7 9 9 9 9 9 9 9 9 9 9 9 1 1 1 1 4 4 4 4 4 13 13 13 13 13 13 13 13 13 13 13 13 13 13 13 13 13 13 13 13 13 13 13 13 13 13 13 13 13 13 13 13 13 13 13 13 13 4 4 4 4 1 1 1 1                              
1 1 1 1 9 9 9 9 9 9 9 9 9 9 9 9 9 9 9 9 9 9 9 9 9 9 9 9 9 9 9 9 9 9 9 9 9 9 9 9 9 9 9 9 9 9 9 9 9 9 9 9 9 9 9 9 9 9 9 9 9 9 9 9 9 9 9 9 9 9 9 9 9 9 9 9 9 9 9 9 9 9 9 9 9 9 9 9 9 9 9 9 9 9 9 9 1 1 1 1 4 4 4 4 4 4 4 4 4 4 4 4 4 4 4 4 4 4 4 4 4 4 4 4 4 4 4 4 4 4 4 4 4 4 4 4 4 4 4 4 4 4 4 4 4 4 1 1 1 1                              
1 1 1 1 9 9 9 9 9 9 9 9 9 9 9 9 9 9 9 9 9 9 9 9 9 9 9 9 9 9 9 9 9 9 9 9 9 9 9 9 9 9 9 9 9 9 9 9 9 9 9 9 9 9 9 9 9 9 9 9 9 9 9 9 9 9 9 9 9 9 9 9 9 9 9 9 9 9 9 9 9 9 9 9 9 9 9 9 9 9 9 9 9 9 9 9 1 1 1 1 4 4 4 4 4 4 4 4 4 4 4 4 4 4 4 4 4 4 4 4 4 4 4 4 4 4 4 4 4 4 4 4 4 4 4 4 4 4 4 4 4 4 4 4 4 4 1 1 1 1                              
1 1 1 1 9 9 9 9 9 9 9 9 9 9 9 9 9 9 9 9 9 9 9 9 9 9 9 9 9 9 9 9 9 9 9 9 9 9 9 9 9 9 9 9 9 9 9 9 9 9 9 9 9 9 9 9 9 9 9 9 9 9 9 9 9 9 9 9 9 9 9 9 9 9 9 9 9 9 9 9 9 9 9 9 9 9 9 9 9 9 9 9 9 9 9 9 1 1 1 1 4 4 4 4 4 4 4 4 4 4 4 4 4 4 4 4 4 4 4 4 4 4 4 4 4 4 4 4 4 4 4 4 4 4 4 4 4 4 4 4 4 4 4 4 4 4 1 1 1 1                              
1 1 1 1 9 9 9 9 9 9 9 9 9 9 9 9 9 9 9 9 9 9 9 9 9 9 9 9 9 9 9 9 9 9 9 9 9 9 9 9 9 9 9 9 9 9 9 9 9 9 9 9 9 9 9 9 9 9 9 9 9 9 9 9 9 9 9 9 9 9 9 9 9 9 9 9 9 9 9 9 9 9 9 9 9 9 9 9 9 9 9 9 9 9 9 9 1 1 1 1 4 4 4 4 4 4 4 4 4 4 4 4 4 4 4 4 4 4 4 4 4 4 4 4 4 4 4 4 4 4 4 4 4 4 4 4 4 4 4 4 4 4 4 4 4 4 1 1 1 1                              
1 1 1 1 9 9 9 9 9 9 9 9 9 9 9 9 9 9 9 9 9 9 9 9 9 9 9 9 9 9 9 9 9 9 9 9 9 9 9 9 9 9 9 9 9 9 9 9 9 9 9 9 9 9 9 9 9 9 9 9 9 9 9 9 9 9 9 9 9 9 9 9 9 9 9 9 9 9 9 9 9 9 9 9 9 9 9 9 9 9 9 9 9 9 9 9 1 1 1 1 4 4 4 4 4 4 4 4 4 4 4 4 4 4 4 4 4 4 4 4 4 4 4 4 4 4 4 4 4 4 4 4 4 4 4 4 4 4 4 4 4 4 4 4 4 4 1 1 1 1                              
1 1 1 1 1 1 1 1 1 1 1 1 1 1 1 1 1 1 1 1 1 1 1 1 1 1 1 1 1 1 1 1 1 1 1 1 1 1 1 1 1 1 1 1 1 1 1 1 1 1 1 1 1 1 1 1 1 1 1 1 1 1 1 1 1 1 1 1 1 1 1 1 1 1 1 1 1 1 1 1 1 1 1 1 1 1 1 1 1 1 1 1 1 1 1 1 1 1 1 1 1 1 1 1 1 1 1 1 1 1 1 1 1 1 1 1 1 1 1 1 1 1 1 1 1 1 1 1 1 1 1 1 1 1 1 1 1 1 1 1 1 1 1 1 1 1 1 1 1 1                              
1 1 1 1 1 1 1 1 1 1 1 1 1 1 1 1 1 1 1 1 1 1 1 1 1 1 1 1 1 1 1 1 1 1 1 1 1 1 1 1 1 1 1 1 1 1 1 1 1 1 1 1 1 1 1 1 1 1 1 1 1 1 1 1 1 1 1 1 1 1 1 1 1 1 1 1 1 1 1 1 1 1 1 1 1 1 1 1 1 1 1 1 1 1 1 1 1 1 1 1 1 1 1 1 1 1 1 1 1 1 1 1 1 1 1 1 1 1 1 1 1 1 1 1 1 1 1 1 1 1 1 1 1 1 1 1 1 1 1 1 1 1 1 1 1 1 1 1 1 1                              
1 1 1 1 1 1 1 1 1 1 1 1 1 1 1 1 1 1 1 1 1 1 1 1 1 1 1 1 1 1 1 1 1 1 1 1 1 1 1 1 1 1 1 1 1 1 1 1 1 1 1 1 1 1 1 1 1 1 1 1 1 1 1 1 1 1 1 1 1 1 1 1 1 1 1 1 1 1 1 1 1 1 1 1 1 1 1 1 1 1 1 1 1 1 1 1 1 1 1 1 1 1 1 1 1 1 1 1 1 1 1 1 1 1 1 1 1 1 1 1 1 1 1 1 1 1 1 1 1 1 1 1 1 1 1 1 1 1 1 1 1 1 1 1 1 1 1 1 1 1                              
1 1 1 1 1 1 1 1 1 1 1 1 1 1 1 1 1 1 1 1 1 1 1 1 1 1 1 1 1 1 1 1 1 1 1 1 1 1 1 1 1 1 1 1 1 1 1 1 1 1 1 1 1 1 1 1 1 1 1 1 1 1 1 1 1 1 1 1 1 1 1 1 1 1 1 1 1 1 1 1 1 1 1 1 1 1 1 1 1 1 1 1 1 1 1 1 1 1 1 1 1 1 1 1 1 1 1 1 1 1 1 1 1 1 1 1 1 1 1 1 1 1 1 1 1 1 1 1 1 1 1 1 1 1 1 1 1 1 1 1 1 1 1 1 1 1 1 1 1 1                              
